Demo-fit parameters
Minimum loss: 321.36090504284533

parameter_1 = 0.04451931030288549
parameter_2 = 0.029670655721491444
parameter_3 = 0.7417663930372861
parameter_4 = 2.225299179111858
parameter_5 = 0.27198101078033826
parameter_6 = 2.225299179111858
parameter_7 = 0.03461576500840668
parameter_8 = 0.22252991791118581
parameter_9 = 0.7417663930372861
